heatMatrix =

   70.7692   25.8929   96.1290
   55.2632   64.2857    4.5455
  100.0000   50.0000   87.7193
   73.9130   33.3333   65.6250
   76.7241   46.2963   59.6330
