heatMatrix =

   25.8621   17.2414   48.2759
   25.8621    5.2632   48.2759
    6.7797   14.0351    2.2989
   25.2174    7.0175   50.4348
   25.2174   19.2982   50.4348
