valores =

   88.6364   93.3333   93.8389
   88.6364   70.6897   93.8389
  100.0000    8.1081   50.0000
   64.0000   63.9640   84.2857
   64.0000   60.7477   84.2857