heatMatrix =

   53.2189   74.5614   89.2523
   53.2189   71.6667   89.2523
   67.8261   25.8621   59.8425
   44.5000   73.5043   70.0000
   44.5000   92.5234   70.0000
