heatMatrix =

   16.3793    6.8966   37.9310
   16.3793    5.2632   37.9310
   24.1379    1.7241    6.8966
   47.4138   18.9655   42.2414
   47.4138   36.2069   42.2414
