valores =

   92.6606   78.3133   91.9075
   92.6606   67.2727   91.9075
  100.0000   30.4348   84.7222
   43.3155   51.6129   71.1864
   43.3155   60.6742   71.1864