heatMatrix =

   52.8902   34.4928   44.3478
   40.5797   34.1176   40.9357
   62.7168   35.7558   37.1968
   44.6377   34.9854   39.0805
   71.5116   57.1014   66.4723