heatMatrix =

   87.6712   66.2651   68.2081
   87.6712   86.3636   68.2081
   78.5714   81.5217   65.2778
   34.1709   40.8602   63.8418
   34.1709   64.0449   63.8418
