heatMatrix =

   81.0811   96.1905   77.3148  
   81.0811   60.3448   77.3148
  100.0000    9.0090   48.0769
   72.1805   40.5405   83.4746
   72.1805   54.0541   83.4746
