heatMatrix =

   83.7838   16.8421   76.7442
   67.2566   35.3535   54.7826
   89.5833   70.3704   75.1938
   72.9167   20.0000   83.8235
   57.8947   29.0000   31.7757
