heatMatrix =

   95.3704   66.2651   90.3226
   65.7658   86.3636   36.2500
   78.5714   81.5217   65.2778
   38.6139   40.8602   87.1429
   25.5102   64.0449   47.6636
