heatMatrix =

   13.7931    6.8966   22.4138
   10.3448    5.2632   17.2414
   24.1379    1.7241    6.8966
   27.5862   18.9655   10.3448
   43.1034   36.2069   37.9310
