heatMatrix =

   30.2326   10.8108   18.6047
    6.8182    7.5000   10.0000
   17.7778   10.8108    6.8966
   12.8205    2.1739   29.0323
   37.7778   20.6897   39.1304
