heatMatrix =

   83.3333   74.5614   99.0654
   14.1593   71.6667   78.5047
   67.8261   25.8621   59.8425
   24.5614   73.5043   30.8511
   46.5116   92.5234   92.2414
