heatMatrix =

   22.4138   17.2414   18.9655
    6.8966    5.2632   27.5862
    6.7797   14.0351    2.2989
   10.5263    7.0175   22.4138
   22.4138   19.2982   45.6140
