heatMatrix =

   80.1724   55.0459   76.0870
   80.1724   40.1709   76.0870
   75.0000   75.0000   66.3717
   63.3166   52.1739   83.9450
   63.3166   47.7477   83.9450

