heatMatrix =

	25.6055   37.8132   32.4742
   21.1480    1.3193    5.8411
    6.4593    1.8824   11.2205
    8.3538    3.8462    1.1261