heatMatrix =


   21.1321   42.5121   33.3333
   23.1250    9.4872    3.0093
    8.1886    5.2632    4.8096
    2.5000    0.7366         0
