heatMatrix =

   66.8033   25.8929   72.8302
   66.8033   64.2857   72.8302
  100.0000   50.0000   87.7193
   76.7717   33.3333   65.8537
   76.7717   46.2963   65.8537
