heatMatrix =

   26.4368   10.8108   28.7671
   26.4368    7.5000   28.7671
   17.7778   10.8108    6.8966
   45.2381    2.1739   40.7407
   45.2381   20.6897   40.7407
