heatMatrix =

   68.6441   55.0459   61.7391
   81.5789   40.1709   90.4348
   75.0000   75.0000   66.3717
   51.5789   52.1739   80.0000
   64.4231   47.7477   74.3363
