heatMatrix =

   83.9286   16.8421   66.1692
   83.9286   35.3535   66.1692
   89.5833   70.3704   75.1938
   67.6190   20.0000   52.0000
   67.6190   29.0000   52.0000
