heatMatrix =

   83.1776   96.1905   63.4615
   52.1739   60.3448   72.3214
  100.0000    9.0090   48.0769
   64.5161   40.5405   82.1782
   79.2793   54.0541   71.8519
