heatMatrix =

    5.4795   27.0694   30.9693
   26.9939    7.1625    6.9444
   14.7368    3.8462   12.1086
   12.5604   13.2150    2.0225
